Listening to port 4567
Connected!!!
42["estimate_marker",{"estimate_x":0.312242686748505,"estimate_y":0.580339789390564,"rmse_vx":5.19993686676025,"rmse_vy":0.0,"rmse_x":0.287757337093353,"rmse_y":0.0196602344512939}]
Xsig_aug = 
  0.312243   0.983063   0.312243   0.312243   0.312243   0.312243   0.312243   0.312243  -0.358578   0.312243   0.312243   0.312243   0.312243   0.312243   0.312243
   0.58034    0.58034    1.25116    0.58034    0.58034    0.58034    0.58034    0.58034    0.58034 -0.0904806    0.58034    0.58034    0.58034    0.58034    0.58034
         0          0          0    1.73205          0          0          0          0          0          0   -1.73205          0          0          0          0
         0          0          0          0    1.73205          0          0          0          0          0          0   -1.73205          0          0          0
         0          0          0          0          0    1.73205          0          0          0          0          0          0   -1.73205          0          0
         0          0          0          0          0          0    51.9615          0          0          0          0          0          0   -51.9615          0
         0          0          0          0          0          0          0    51.9615          0          0          0          0          0          0   -51.9615
Xsig_pred_ =   0.312243   0.983063   0.312243   0.398845   0.312243   0.312243   0.377195   0.312243  -0.358578   0.312243    0.22564   0.312243   0.312243   0.247291   0.312243
   0.58034    0.58034    1.25116    0.58034    0.58034    0.58034    0.58034    0.58034    0.58034 -0.0904806    0.58034    0.58034    0.58034    0.58034    0.58034
         0          0          0    1.73205          0          0    2.59808          0          0          0   -1.73205          0          0   -2.59808          0
         0          0          0          0    1.73205  0.0866025          0  0.0649519          0          0          0   -1.73205 -0.0866025          0 -0.0649519
         0          0          0          0          0    1.73205          0    2.59808          0          0          0          0   -1.73205          0   -2.59808
x_ = 
    0.312243
     0.58034
           0
-3.46945e-17
           0
P_ = 
    0.153906  5.77779e-34      0.10625  2.88889e-34            0
 5.77779e-34         0.15            0  4.42964e-33            0
     0.10625            0         3.25            0            0
 2.88889e-34 -1.73334e-33            0      1.00391      0.10625
           0            0            0      0.10625         3.25
S = 
   0.19612  0.0729273 0.00677164
 0.0729273   0.548683 -0.0533298
0.00677164 -0.0533298   0.807391
Updated state x: 
     0.72194
    0.631366
     9.02005
-3.59212e-17
  4.8014e-17
Updated state covariance P: 
   0.0597148    0.0247297   -0.0184668 -3.61335e-18 -3.09455e-18
   0.0247297    0.0531309  -0.00556553 -6.35831e-18 -3.21397e-18
  -0.0184668  -0.00556553     0.381076  1.62998e-18 -1.45882e-17
-3.61335e-18 -6.35831e-18  1.62998e-18      1.00391      0.10625
-3.09455e-18 -3.21397e-18 -1.45882e-17      0.10625         3.25
42["estimate_marker",{"estimate_x":0.72193952151223,"estimate_y":0.631366059665038,"rmse_vx":4.56256880543363,"rmse_vy":0.00127056910264951,"rmse_x":0.225681297402549,"rmse_y":0.0261489911550911}]
Xsig_aug = 
     0.72194      1.14519      0.72194      0.72194      0.72194      0.72194      0.72194      0.72194     0.298685      0.72194      0.72194      0.72194      0.72194      0.72194      0.72194
    0.631366     0.806649      0.99007     0.631366     0.631366     0.631366     0.631366     0.631366     0.456083     0.272662     0.631366     0.631366     0.631366     0.631366     0.631366
     9.02005      8.88916      9.03747      10.0811      9.02005      9.02005      9.02005      9.02005      9.15094      9.00264      7.95902      9.02005      9.02005      9.02005      9.02005
-3.59212e-17 -6.15324e-17 -7.65835e-17 -3.38047e-17      1.73543 -3.59212e-17 -3.59212e-17 -3.59212e-17   -1.031e-17  4.74104e-18 -3.80378e-17     -1.73543 -3.59212e-17 -3.59212e-17 -3.59212e-17
  4.8014e-17  2.60801e-17  3.18524e-17  4.32643e-18     0.183672      3.11709   4.8014e-17   4.8014e-17   6.9948e-17  6.41757e-17  9.17016e-17    -0.183672     -3.11709   4.8014e-17   4.8014e-17
           0            0            0            0            0            0      51.9615            0            0            0            0            0            0     -51.9615            0
           0            0            0            0            0            0            0      51.9615            0            0            0            0            0            0     -51.9615
Xsig_pred_ =      1.17294      1.58965      1.17381      1.22599     0.645982      1.17112      1.23789      1.17294     0.756232      1.17207      1.11989     0.645982      1.17112      1.10799      1.17294
    0.631366     0.806649      0.99007     0.631366      1.07592      0.66644     0.631366     0.631366     0.456083     0.272662     0.631366     0.186807     0.596292     0.631366     0.631366
     9.02005      8.88916      9.03747      10.0811      9.02005      9.02005      11.6181      9.02005      9.15094      9.00264      7.95902      9.02005      9.02005      6.42198      9.02005
-3.35205e-17 -6.02284e-17 -7.49909e-17 -3.35884e-17      1.74461     0.155855 -3.35205e-17    0.0649519 -6.81265e-18  7.94982e-18 -3.34527e-17     -1.74461    -0.155855 -3.35205e-17   -0.0649519
  4.8014e-17  2.60801e-17  3.18524e-17  4.32643e-18     0.183672      3.11709   4.8014e-17      2.59808   6.9948e-17  6.41757e-17  9.17016e-17    -0.183672     -3.11709   4.8014e-17     -2.59808
x_ = 
    0.996681
    0.631366
     9.02005
-2.77556e-17
           0
P_ = 
    0.121722    0.0244515    0.0568371  -2.1684e-19 -1.38778e-17
   0.0244515     0.119418  -0.00556553      0.26035     0.063661
   0.0568371  -0.00556553      2.63108  9.00569e-19 -1.45882e-17
           0      0.26035  9.00569e-19      1.02406        0.325
-1.38778e-17     0.063661 -1.45882e-17        0.325          5.5
S = 
 0.144222 0.0244515
0.0244515  0.141918
Updated state x: 
   1.14122
  0.510523
   9.10977
  -0.34077
-0.0833254
Updated state covariance P: 
  0.0188842 0.000622979    0.009288 -0.00720855 -0.00176264
0.000622979   0.0188255 -0.00248262   0.0425183   0.0103966
   0.009288 -0.00248262       2.607   0.0287267  0.00702427
-0.00720855   0.0425183   0.0287267    0.532079      0.2047
-0.00176264   0.0103966  0.00702427      0.2047     5.47058
42["estimate_marker",{"estimate_x":1.14121538532418,"estimate_y":0.510522990959861,"rmse_vx":4.20723550741571,"rmse_vy":1.76091488671312,"rmse_x":0.184675270328553,"rmse_y":0.0560176182958378}]
Xsig_aug = 
   1.14122    1.37923    1.14122    1.14122    1.14122    1.14122    1.14122    1.14122   0.903197    1.14122    1.14122    1.14122    1.14122    1.14122    1.14122
  0.510523   0.518375   0.748041   0.510523   0.510523   0.510523   0.510523   0.510523   0.502671   0.273005   0.510523   0.510523   0.510523   0.510523   0.510523
   9.10977    9.22684    9.07454    11.9037    9.10977    9.10977    9.10977    9.10977     8.9927      9.145    6.31584    9.10977    9.10977    9.10977    9.10977
  -0.34077  -0.431627   0.199266  -0.299309   0.797045   -0.34077   -0.34077   -0.34077  -0.249913  -0.880806  -0.382232   -1.47859   -0.34077   -0.34077   -0.34077
-0.0833254  -0.105542  0.0487247 -0.0731872   0.391575    3.93764 -0.0833254 -0.0833254 -0.0611089  -0.215376 -0.0934636  -0.558226   -4.10429 -0.0833254 -0.0833254
         0          0          0          0          0          0    51.9615          0          0          0          0          0          0   -51.9615          0
         0          0          0          0          0          0          0    51.9615          0          0          0          0          0          0   -51.9615
Xsig_pred_ =    1.57019    1.79775    1.58585    1.70962    1.45631    1.58268    1.63141    1.57019    1.33869    1.43036    1.43394    1.17682    1.55194    1.50898    1.57019
  0.357399   0.324268   0.838398   0.333987   0.839426   0.401398   0.335691   0.357399   0.390802 -0.0812103   0.392051  0.0564433   0.315464   0.379107   0.357399
   9.10977    9.22684    9.07454    11.9037    9.10977    9.10977    11.7078    9.10977     8.9927      9.145    6.31584    9.10977    9.10977    6.51169    9.10977
 -0.344936  -0.436904   0.201702  -0.302968   0.816624  -0.143888  -0.344936  -0.279984  -0.252968  -0.891575  -0.386905    -1.5065  -0.545985  -0.344936  -0.409888
-0.0833254  -0.105542  0.0487247 -0.0731872   0.391575    3.93764 -0.0833254    2.51475 -0.0611089  -0.215376 -0.0934636  -0.558226   -4.10429 -0.0833254    -2.6814
x_ = 
   1.46387
  0.396905
   9.10977
 -0.344936
-0.0833254
P_ = 
 0.0451731  0.0221599   0.189429  0.0641954  0.0449113
 0.0221599   0.124316 -0.0525348   0.238856    0.13995
  0.189429 -0.0525348      4.857  0.0290779 0.00702427
 0.0641954   0.238856  0.0290779   0.567631   0.534479
 0.0449113    0.13995 0.00702427   0.534479    7.72058
S = 
 0.151623 0.0282705  0.719993
0.0282705 0.0468207  0.375113
 0.719993  0.375113   13.3841
Updated state x: 
  1.26686
 0.584037
  7.55258
-0.157807
-0.121708
Updated state covariance P: 
    0.017357   0.00277429   -0.0232004  -0.00373617   -0.0340486
  0.00277429   0.00354408   0.00685631   0.00208969 -0.000100969
  -0.0232004   0.00685631      2.39097    -0.196182    -0.632758
 -0.00373617   0.00208969    -0.196182    0.0552179     0.158314
  -0.0340486 -0.000100969    -0.632758     0.158314      7.33725
42["estimate_marker",{"estimate_x":1.26686131040495,"estimate_y":0.584036663807794,"rmse_vx":3.81474045279117,"rmse_vy":1.63836191232828,"rmse_x":0.169635683968209,"rmse_y":0.0492169163949148}]
Xsig_aug = 
   1.26686    1.49505    1.26686    1.26686    1.26686    1.26686    1.26686    1.26686    1.03867    1.26686    1.26686    1.26686    1.26686    1.26686    1.26686
  0.584037    0.62051   0.680483   0.584037   0.584037   0.584037   0.584037   0.584037   0.547563    0.48759   0.584037   0.584037   0.584037   0.584037   0.584037
   7.55258    7.24756    7.88119     10.193    7.55258    7.55258    7.55258    7.55258    7.85759    7.22396    4.91214    7.55258    7.55258    7.55258    7.55258
 -0.157807  -0.206926 -0.0742311  -0.396779   0.157071  -0.157807  -0.157807  -0.157807  -0.108688  -0.241383  0.0811653  -0.472685  -0.157807  -0.157807  -0.157807
 -0.121708  -0.569342  0.0444331  -0.913019   0.672146    4.40901  -0.121708  -0.121708   0.325925   -0.28785   0.669603  -0.915563   -4.65242  -0.121708  -0.121708
         0          0          0          0          0          0    51.9615          0          0          0          0          0          0   -51.9615          0
         0          0          0          0          0          0          0    51.9615          0          0          0          0          0          0   -51.9615
Xsig_pred_ =    1.63962    1.84859    1.65987    1.73226    1.63878     1.6433    1.70376    1.63962    1.42956    1.61695    1.51128    1.59903    1.62957    1.57547    1.63962
  0.523557   0.541021   0.651695   0.376423   0.649363   0.566112   0.513349   0.523557    0.50813   0.398726   0.608043   0.404476   0.482044   0.533764   0.523557
   7.55258    7.24756    7.88119     10.193    7.55258    7.55258    10.1507    7.55258    7.85759    7.22396    4.91214    7.55258    7.55258     4.9545    7.55258
 -0.163892  -0.235393 -0.0720095   -0.44243   0.190678  0.0626434  -0.163892 -0.0989405 -0.0923916  -0.255775   0.114645  -0.518463  -0.390428  -0.163892  -0.228844
 -0.121708  -0.569342  0.0444331  -0.913019   0.672146    4.40901  -0.121708    2.47637   0.325925   -0.28785   0.669603  -0.915563   -4.65242  -0.121708   -2.71978
x_ = 
  1.62512
 0.515301
  7.55258
-0.163892
-0.121708
P_ = 
  0.0204169 -0.00148096    0.133846  -0.0117276  -0.0435927
-0.00148096   0.0157788  -0.0985867   0.0318802     0.13098
   0.133846  -0.0985867     4.64097   -0.227819   -0.632758
 -0.0117276   0.0318802   -0.227819   0.0907986    0.581426
 -0.0435927     0.13098   -0.632758    0.581426     9.58725
S = 
  0.0429169 -0.00148096
-0.00148096   0.0382788
Updated state x: 
  1.63502
 0.559788
  7.36106
-0.080069
 0.225866
Updated state covariance P: 
   0.0106882 -0.000456987     0.068263  -0.00550914   -0.0202246
-0.000456987   0.00925697   -0.0553076    0.0185258    0.0762069
    0.068263   -0.0553076      3.99256    -0.113874    -0.178537
 -0.00550914    0.0185258    -0.113874    0.0616779     0.462907
  -0.0202246    0.0762069    -0.178537     0.462907      9.10444
42["estimate_marker",{"estimate_x":1.63501587873613,"estimate_y":0.559788145795652,"rmse_vx":3.54357635480093,"rmse_vy":1.49030410805276,"rmse_x":0.15174251549789,"rmse_y":0.0477836478293263}]
Xsig_aug = 
   1.63502    1.81408    1.63502    1.63502    1.63502    1.63502    1.63502    1.63502    1.45595    1.63502    1.63502    1.63502    1.63502    1.63502    1.63502
  0.559788   0.552132   0.726258   0.559788   0.559788   0.559788   0.559788   0.559788   0.567444   0.393318   0.559788   0.559788   0.559788   0.559788   0.559788
   7.36106    8.50471    6.41695    10.4881    7.36106    7.36106    7.36106    7.36106    6.21741    8.30517    4.23402    7.36106    7.36106    7.36106    7.36106
 -0.080069  -0.172367   0.249545 -0.0560436   0.179339  -0.080069  -0.080069  -0.080069  0.0122292  -0.409683  -0.104094  -0.339477  -0.080069  -0.080069  -0.080069
  0.225866  -0.112969    1.58363   0.588439    3.69994    3.85276   0.225866   0.225866   0.564702   -1.13189  -0.136706    -3.2482   -3.40103   0.225866   0.225866
         0          0          0          0          0          0    51.9615          0          0          0          0          0          0   -51.9615          0
         0          0          0          0          0          0          0    51.9615          0          0          0          0          0          0   -51.9615
Xsig_pred_ =     2.00205     2.23281     1.94246     2.15895     1.98905     2.00245     2.06679     2.00205      1.7667     2.01103     1.84549     1.97061     1.99763      1.9373     2.00205
   0.532422    0.478015    0.817715     0.53812     0.65847     0.56576    0.527227    0.532422    0.575634    0.217226    0.537072    0.409647    0.499373    0.537617    0.532422
    7.36106     8.50471     6.41695     10.4881     7.36106     7.36106     9.95914     7.36106     6.21741     8.30517     4.23402     7.36106     7.36106     4.76298     7.36106
 -0.0687757   -0.178016    0.328726  -0.0266216    0.364336    0.112569  -0.0687757 -0.00382376   0.0404643   -0.466277    -0.11093   -0.501887    -0.25012  -0.0687757   -0.133728
   0.225866   -0.112969     1.58363    0.588439     3.69994     3.85276    0.225866     2.82394    0.564702    -1.13189   -0.136706     -3.2482    -3.40103    0.225866    -2.37221
x_ = 
   1.98483
   0.52789
   7.36106
-0.0687757
  0.225866
P_ = 
  0.0281966 -0.00685794    0.319069 -0.00934947 -0.00930303
-0.00685794   0.0364531   -0.117048   0.0615351    0.325664
   0.319069   -0.117048     6.24256   -0.122801   -0.178537
-0.00934947   0.0615351   -0.122801    0.132136    0.974379
-0.00930303    0.325664   -0.178537    0.974379     11.3544
S = 
   0.115229 -0.00197474    0.284557
-0.00197474   0.0102136  -0.0396892
   0.284557  -0.0396892     6.01129
Updated state x: 
  1.86634
 0.570821
  5.77599
-0.016052
  0.27931
Updated state covariance P: 
  0.0100761  0.00172017  0.00479795 -0.00086797   -0.016219
 0.00172017  0.00395123 -0.00836893  0.00586419   0.0287943
 0.00479795 -0.00836893    0.268838  -0.0687431   -0.948532
-0.00086797  0.00586419  -0.0687431   0.0334706    0.422651
  -0.016219   0.0287943   -0.948532    0.422651     8.07398
42["estimate_marker",{"estimate_x":1.86633872270191,"estimate_y":0.570820977697565,"rmse_vx":3.24341060268363,"rmse_vy":1.36133185066014,"rmse_x":0.139194198005405,"rmse_y":0.0454936360518405}]
Xsig_aug = 
     1.86634       2.0402      1.86634      1.86634      1.86634      1.86634      1.86634      1.86634      1.69248      1.86634      1.86634      1.86634      1.86634      1.86634      1.86634
    0.570821     0.600502     0.675572     0.570821     0.570821     0.570821     0.570821     0.570821      0.54114      0.46607     0.570821     0.570821     0.570821     0.570821     0.570821
     5.77599      5.85878      5.51285      6.63064      5.77599      5.77599      5.77599      5.77599       5.6932      6.03913      4.92135      5.77599      5.77599      5.77599      5.77599
   -0.016052   -0.0310288     0.156139    -0.202889     0.172707    -0.016052    -0.016052    -0.016052  -0.00107516    -0.188243     0.170785     -0.20481    -0.016052    -0.016052    -0.016052
     0.27931 -0.000547344      1.18326     -2.74482      3.15648      2.70893      0.27931      0.27931     0.559168     -0.62464      3.30344     -2.59785      -2.1503      0.27931      0.27931
           0            0            0            0            0            0      51.9615            0            0            0            0            0            0     -51.9615            0
           0            0            0            0            0            0            0      51.9615            0            0            0            0            0            0     -51.9615
Xsig_pred_ =      2.15512        2.333       2.1372      2.18548      2.14575      2.15453      2.22007      2.15512       1.9771      2.16203      2.10428       2.1445       2.1543      2.09018      2.15512
    0.568202     0.591414     0.726463     0.481979     0.642649     0.585726     0.567159     0.568202     0.544813     0.404942     0.632432     0.493911     0.550686     0.569244     0.568202
     5.77599      5.85878      5.51285      6.63064      5.77599      5.77599      8.37407      5.77599       5.6932      6.03913      4.92135      5.77599      5.77599      3.17792      5.77599
 -0.00208644   -0.0310561     0.215302     -0.34013      0.33053     0.119394  -0.00208644    0.0628655    0.0268832    -0.219475     0.335957    -0.334703    -0.123567  -0.00208644   -0.0670383
     0.27931 -0.000547344      1.18326     -2.74482      3.15648      2.70893      0.27931      2.87739     0.559168     -0.62464      3.30344     -2.59785      -2.1503      0.27931     -2.31877
x_ = 
    2.14628
   0.563701
    5.77599
-0.00208644
    0.27931
P_ = 
   0.0125624 -0.000305388     0.073808  -0.00711819   -0.0605675
-0.000305388    0.0126504   -0.0357915    0.0288557     0.207611
    0.073808   -0.0357915      2.51884     -0.11617    -0.948532
 -0.00711819    0.0288557     -0.11617    0.0973269       0.8826
  -0.0605675     0.207611    -0.948532       0.8826       10.324
S = 
   0.0350624 -0.000305388
-0.000305388    0.0351504
Updated state x: 
  2.16105
 0.594064
  5.78014
0.0592448
 0.709029
Updated state covariance P: 
  0.00806035 -0.000125452    0.0471676  -0.00440729   -0.0377124
-0.000125452   0.00809651   -0.0225006    0.0184324     0.132566
   0.0471676   -0.0225006      2.32832   -0.0723912    -0.613946
 -0.00440729    0.0184324   -0.0723912    0.0722934     0.700657
  -0.0377124     0.132566    -0.613946     0.700657      8.99926
42["estimate_marker",{"estimate_x":2.16104606414483,"estimate_y":0.594064450020569,"rmse_vx":3.01062071392956,"rmse_vy":1.26559397962728,"rmse_x":0.128869784648259,"rmse_y":0.0422888824808923}]
Xsig_aug = 
   2.16105    2.31655    2.16105    2.16105    2.16105    2.16105    2.16105    2.16105    2.00554    2.16105    2.16105    2.16105    2.16105    2.16105    2.16105
  0.594064   0.591644   0.749897   0.594064   0.594064   0.594064   0.594064   0.594064   0.596485   0.438232   0.594064   0.594064   0.594064   0.594064   0.594064
   5.78014    6.69011     5.3611    8.22581    5.78014    5.78014    5.78014    5.78014    4.87017    6.19918    3.33447    5.78014    5.78014    5.78014    5.78014
 0.0592448  -0.025782   0.412776  0.0626551   0.350199  0.0592448  0.0592448  0.0592448   0.144272  -0.294286  0.0558344   -0.23171  0.0592448  0.0592448  0.0592448
  0.709029 -0.0185292    3.24981   0.661966    4.63411     2.8548   0.709029   0.709029    1.43659   -1.83176   0.756092   -3.21606   -1.43674   0.709029   0.709029
         0          0          0          0          0          0    51.9615          0          0          0          0          0          0   -51.9615          0
         0          0          0          0          0          0          0    51.9615          0          0          0          0          0          0   -51.9615
Xsig_pred_ =    2.44918    2.65094    2.39679    2.57103    2.41865    2.44735    2.51402    2.44918    2.24506    2.45315    2.32729    2.43579    2.44991    2.38434    2.44918
  0.616286   0.582866   0.876861   0.626605   0.723643   0.631674   0.620132   0.616286   0.640115   0.334878   0.606512   0.505415   0.600804   0.612441   0.616286
   5.78014    6.69011     5.3611    8.22581    5.78014    5.78014    8.37822    5.78014    4.87017    6.19918    3.33447    5.78014    5.78014    3.18206    5.78014
 0.0946962 -0.0267085   0.575267  0.0957534   0.581905   0.201985  0.0946962   0.159648   0.216101  -0.385874   0.093639  -0.392513 -0.0125924  0.0946962  0.0297443
  0.709029 -0.0185292    3.24981   0.661966    4.63411     2.8548   0.709029     3.3071    1.43659   -1.83176   0.756092   -3.21606   -1.43674   0.709029   -1.88905
x_ = 
  2.43321
 0.610705
  5.78014
0.0946962
 0.709029
P_ = 
  0.0204713 -0.00429929    0.220993  -0.0141215  -0.0871254
-0.00429929   0.0288523  -0.0350137   0.0628446    0.390096
   0.220993  -0.0350137     4.57832   -0.103088   -0.613946
 -0.0141215   0.0628446   -0.103088    0.166263     1.20687
 -0.0871254    0.390096   -0.613946     1.20687     11.2493
S = 
    0.108878 -0.000723554     0.206792
-0.000723554   0.00573052    -0.015793
    0.206792    -0.015793      4.57119
Updated state x: 
 2.36141
0.658053
  5.3484
0.220535
 1.51354
Updated state covariance P: 
 0.00841977 0.000901838  0.00490046 -0.00205114  -0.0192545
0.000901838  0.00499799 -0.00590952   0.0100829   0.0612335
 0.00490046 -0.00590952    0.154266  -0.0358054   -0.363447
-0.00205114   0.0100829  -0.0358054    0.049357    0.477968
 -0.0192545   0.0612335   -0.363447    0.477968     6.69757
42["estimate_marker",{"estimate_x":2.36141325627102,"estimate_y":0.658052555449904,"rmse_vx":2.81618968324674,"rmse_vy":1.24829379594242,"rmse_x":0.122285863749672,"rmse_y":0.0435867354989414}]
Xsig_aug = 
   2.36141    2.52034    2.36141    2.36141    2.36141    2.36141    2.36141    2.36141    2.20248    2.36141    2.36141    2.36141    2.36141    2.36141    2.36141
  0.658053   0.675076   0.779313   0.658053   0.658053   0.658053   0.658053   0.658053   0.641029   0.536792   0.658053   0.658053   0.658053   0.658053   0.658053
    5.3484     5.4409    5.18921     6.0033     5.3484     5.3484     5.3484     5.3484    5.25589    5.50758    4.69349     5.3484     5.3484     5.3484     5.3484
  0.220535   0.181818   0.475422   0.123941   0.489375   0.220535   0.220535   0.220535   0.259253 -0.0343511   0.317129  -0.048304   0.220535   0.220535   0.220535
   1.51354     1.1501    3.07949   0.280627    4.86723    3.69095    1.51354    1.51354    1.87699  -0.052398    2.74646   -1.84015  -0.663863    1.51354    1.51354
         0          0          0          0          0          0    51.9615          0          0          0          0          0          0   -51.9615          0
         0          0          0          0          0          0          0    51.9615          0          0          0          0          0          0   -51.9615
Xsig_pred_ =   2.61989   2.78634   2.58206   2.65901    2.5799   2.61549   2.68327   2.61989   2.45296   2.63662   2.57867   2.62755   2.62328   2.55652   2.61989
 0.726364   0.73193  0.915328  0.697249  0.811102   0.74023  0.740573  0.726364  0.720211  0.526974  0.746289  0.632879   0.71221  0.712156  0.726364
   5.3484    5.4409   5.18921    6.0033    5.3484    5.3484   7.94647    5.3484   5.25589   5.50758   4.69349    5.3484    5.3484   2.75032    5.3484
 0.296213  0.239323  0.629396  0.137973  0.732736  0.405083  0.296213  0.361164  0.353102 -0.036971  0.454452 -0.140311  0.187342  0.296213  0.231261
  1.51354    1.1501   3.07949  0.280627   4.86723   3.69095   1.51354   4.11162   1.87699 -0.052398   2.74646  -1.84015 -0.663863   1.51354  -1.08453
x_ = 
 2.61038
0.721491
  5.3484
0.296213
 1.51354
P_ = 
  0.0116153 -0.00219669   0.0702436   -0.011917  -0.0803989
-0.00219669   0.0155585 -0.00317089   0.0362226     0.22051
  0.0702436 -0.00317089     2.40427  -0.0539777   -0.363447
  -0.011917   0.0362226  -0.0539777    0.115304    0.869097
 -0.0803989     0.22051   -0.363447    0.869097     8.94757
S = 
  0.0341153 -0.00219669
-0.00219669   0.0380585
Updated state x: 
 2.62767
0.697205
 5.43891
0.231333
 1.10896
Updated state covariance P: 
  0.00760527 -0.000859703    0.0463793  -0.00650491   -0.0447977
-0.000859703    0.0091485  0.000802334    0.0210392     0.127778
   0.0463793  0.000802334      2.25959   -0.0307048    -0.205584
 -0.00650491    0.0210392   -0.0307048    0.0779879      0.63966
  -0.0447977     0.127778    -0.205584      0.63966      7.53521
42["estimate_marker",{"estimate_x":2.62767288657095,"estimate_y":0.697205393503239,"rmse_vx":2.6553363255036,"rmse_vy":1.24114959692847,"rmse_x":0.116570622210022,"rmse_y":0.0504990472851111}]
Xsig_aug = 
   2.62767    2.77872    2.62767    2.62767    2.62767    2.62767    2.62767    2.62767    2.47662    2.62767    2.62767    2.62767    2.62767    2.62767    2.62767
  0.697205   0.680131    0.86199   0.697205   0.697205   0.697205   0.697205   0.697205    0.71428   0.532421   0.697205   0.697205   0.697205   0.697205   0.697205
   5.43891    6.36005    5.54896    7.87163    5.43891    5.43891    5.43891    5.43891    4.51777    5.32885    3.00619    5.43891    5.43891    5.43891    5.43891
  0.231333   0.102139   0.600976   0.225666   0.515242   0.231333   0.231333   0.231333   0.360528   -0.13831   0.237001 -0.0525757   0.231333   0.231333   0.231333
   1.10896   0.219226    3.34305    1.09126    4.55413    3.33456    1.10896    1.10896    1.99869   -1.12513    1.12665   -2.33622   -1.11665    1.10896    1.10896
         0          0          0          0          0          0    51.9615          0          0          0          0          0          0   -51.9615          0
         0          0          0          0          0          0          0    51.9615          0          0          0          0          0          0   -51.9615
Xsig_pred_ =   2.89051   3.09488   2.84236   3.00868   2.84708   2.88596   2.95373   2.89051   2.68366    2.8904   2.77271   2.89779   2.89398   2.82729   2.89051
 0.766861  0.714288   1.03722   0.79569  0.856876  0.781283  0.781752  0.766861  0.804386  0.488285  0.736592  0.667104  0.752136  0.751969  0.766861
  5.43891   6.36005   5.54896   7.87163   5.43891   5.43891   8.03698   5.43891   4.51777   5.32885   3.00619   5.43891   5.43891   2.84083   5.43891
 0.286781    0.1131  0.768129  0.280228  0.742949  0.398061  0.286781  0.351733  0.460462 -0.194566  0.293334 -0.169387  0.175501  0.286781  0.221829
  1.10896  0.219226   3.34305   1.09126   4.55413   3.33456   1.10896   3.70703   1.99869  -1.12513   1.12665  -2.33622  -1.11665   1.10896  -1.48912
x_ = 
 2.87591
 0.76107
 5.43891
0.286781
 1.10896
P_ = 
  0.0205671 -0.00464949    0.212679   -0.020019   -0.111651
-0.00464949   0.0292236   0.0330949   0.0615505    0.337361
   0.212679   0.0330949     4.50959   -0.040984   -0.205584
  -0.020019   0.0615505   -0.040984    0.162198     1.07267
  -0.111651    0.337361   -0.205584     1.07267     9.78521
S = 
    0.108811 -0.000614073     0.214758
-0.000614073   0.00439506   -0.0103993
    0.214758   -0.0103993      4.62952
Updated state x: 
    2.90629
   0.668185
    5.49474
  0.0829819
-0.00963729
Updated state covariance P: 
 0.00799232 0.000335835  0.00353108 -0.00341407  -0.0200957
0.000335835  0.00640472  0.00328426   0.0127665   0.0697161
 0.00353108  0.00328426    0.114671  0.00695804    0.063837
-0.00341407   0.0127665  0.00695804   0.0548247    0.483349
 -0.0200957   0.0697161    0.063837    0.483349     6.55067
42["estimate_marker",{"estimate_x":2.90629028142693,"estimate_y":0.668184877042258,"rmse_vx":2.52065945284851,"rmse_vy":1.18340716710607,"rmse_x":0.111072558801189,"rmse_y":0.0510102342019286}]
Xsig_aug = 
    2.90629     3.06114     2.90629     2.90629     2.90629     2.90629     2.90629     2.90629     2.75145     2.90629     2.90629     2.90629     2.90629     2.90629     2.90629
   0.668185    0.674691    0.806647    0.668185    0.668185    0.668185    0.668185    0.668185    0.661678    0.529723    0.668185    0.668185    0.668185    0.668185    0.668185
    5.49474     5.56315     5.56268     6.07328     5.49474     5.49474     5.49474     5.49474     5.42633     5.42679     4.91619     5.49474     5.49474     5.49474     5.49474
  0.0829819    0.016837    0.362696   0.0940343    0.368878   0.0829819   0.0829819   0.0829819    0.149127   -0.196733   0.0719294   -0.202914   0.0829819   0.0829819   0.0829819
-0.00963729   -0.398976     1.51916    0.187881     3.46884     2.23187 -0.00963729 -0.00963729    0.379701    -1.53844   -0.207156    -3.48812    -2.25115 -0.00963729 -0.00963729
          0           0           0           0           0           0     51.9615           0           0           0           0           0           0    -51.9615           0
          0           0           0           0           0           0           0     51.9615           0           0           0           0           0           0    -51.9615
Xsig_pred_ =     3.18009     3.33928     3.16233     3.20847     3.15269     3.17824     3.24482     3.18009     3.01935     3.17009     3.15155     3.16921     3.18078     3.11536     3.18009
   0.690891      0.6766    0.915105    0.698117    0.788918    0.706171    0.696275    0.690891    0.704533    0.466507    0.684581    0.589692    0.675516    0.685507    0.690891
    5.49474     5.56315     5.56268     6.07328     5.49474     5.49474     8.09281     5.49474     5.42633     5.42679     4.91619     5.49474     5.49474     2.89666     5.49474
     0.0825 -0.00311177    0.438655    0.103428     0.54232    0.194576      0.0825    0.147452    0.168112   -0.273655   0.0615716    -0.37732  -0.0295756      0.0825   0.0175481
-0.00963729   -0.398976     1.51916    0.187881     3.46884     2.23187 -0.00963729     2.58844    0.379701    -1.53844   -0.207156    -3.48812    -2.25115 -0.00963729    -2.60771
x_ = 
    3.16861
   0.690363
    5.49474
     0.0825
-0.00963729
P_ = 
  0.0102793 -0.00113067   0.0651052 -0.00614043  -0.0313889
-0.00113067   0.0202465   0.0107291   0.0429147    0.243513
  0.0651052   0.0107291     2.36467   0.0101499    0.063837
-0.00614043   0.0429147   0.0101499    0.120943    0.867133
 -0.0313889    0.243513    0.063837    0.867133     8.80067
S = 
  0.0327793 -0.00113067
-0.00113067   0.0427465
Updated state x: 
  3.12064
 0.667977
  5.16629
0.0530904
-0.193161
Updated state covariance P: 
  0.00704171 -0.000408881    0.0449245  -0.00343882     -0.01714
-0.000408881    0.0106461   0.00683562    0.0224976     0.127722
   0.0449245   0.00683562      2.23142   0.00937244     0.052529
 -0.00343882    0.0224976   0.00937244    0.0770939     0.618848
    -0.01714     0.127722     0.052529     0.618848      7.39445
42["estimate_marker",{"estimate_x":3.12063686139383,"estimate_y":0.667977163208731,"rmse_vx":2.4033744212979,"rmse_vy":1.12957611026216,"rmse_x":0.108486872222305,"rmse_y":0.0509830645896976}]
Xsig_aug = 
   3.12064    3.26598    3.12064    3.12064    3.12064    3.12064    3.12064    3.12064    2.97529    3.12064    3.12064    3.12064    3.12064    3.12064    3.12064
  0.667977   0.659538   0.846491   0.667977   0.667977   0.667977   0.667977   0.667977   0.676417   0.489464   0.667977   0.667977   0.667977   0.667977   0.667977
   5.16629    6.09355      5.325    7.57652    5.16629    5.16629    5.16629    5.16629    4.23902    5.00757    2.75605    5.16629    5.16629    5.16629    5.16629
 0.0530904 -0.0178888   0.427817  0.0673876   0.345698  0.0530904  0.0530904  0.0530904    0.12407  -0.321636  0.0387932  -0.239517  0.0530904  0.0530904  0.0530904
 -0.193161   -0.54694    1.93654  -0.131913    3.33546    2.05798  -0.193161  -0.193161   0.160619   -2.32286  -0.254409   -3.72178    -2.4443  -0.193161  -0.193161
         0          0          0          0          0          0    51.9615          0          0          0          0          0          0   -51.9615          0
         0          0          0          0          0          0          0    51.9615          0          0          0          0          0          0   -51.9615
Xsig_pred_ =    3.37865     3.5705    3.35717    3.49868    3.35526    3.37743    3.44351    3.37865    3.18551    3.35305    3.25837    3.36445    3.37878    3.31379    3.37865
  0.680439   0.649923   0.968501   0.692239   0.775321    0.69492   0.683886   0.680439    0.70349   0.396713   0.672446   0.583768   0.665908   0.676992   0.680439
   5.16629    6.09355      5.325    7.57652    5.16629    5.16629    7.76436    5.16629    4.23902    5.00757    2.75605    5.16629    5.16629    2.56821    5.16629
 0.0434324 -0.0452358   0.524644   0.060792   0.512471   0.155989  0.0434324   0.108384   0.132101  -0.437779  0.0260728  -0.425606 -0.0691247  0.0434324 -0.0215195
 -0.193161   -0.54694    1.93654  -0.131913    3.33546    2.05798  -0.193161    2.40492   0.160619   -2.32286  -0.254409   -3.72178    -2.4443  -0.193161   -2.79124
x_ = 
   3.3641
 0.680246
  5.16629
0.0434324
-0.193161
P_ = 
  0.0186662 -0.00121482    0.212316 -0.00540721  -0.0246949
-0.00121482   0.0306563   0.0177828   0.0622259    0.329855
   0.212316   0.0177828     4.48142   0.0119989    0.052529
-0.00540721   0.0622259   0.0119989    0.158871     1.04482
 -0.0246949    0.329855    0.052529     1.04482     9.64445
S = 
   0.108644 0.000373462    0.215091
0.000373462  0.00350118  0.00476352
   0.215091  0.00476352     4.59758
Updated state x: 
  3.42282
 0.526251
  5.74603
-0.276496
 -1.87447
Updated state covariance P: 
 0.00779328 7.62937e-05  0.00561389 -0.00254982  -0.0162604
7.62937e-05  0.00792132 -0.00887757   0.0156756   0.0822196
 0.00561389 -0.00887757    0.153372  -0.0435172   -0.388109
-0.00254982   0.0156756  -0.0435172    0.063464    0.537148
 -0.0162604   0.0822196   -0.388109    0.537148     6.93804
42["estimate_marker",{"estimate_x":3.42281511578496,"estimate_y":0.526251206018915,"rmse_vx":2.30312552223793,"rmse_vy":1.18604920681377,"rmse_x":0.104370834416813,"rmse_y":0.0561928028789281}]
Xsig_aug = 
  3.42282   3.57572   3.42282   3.42282   3.42282   3.42282   3.42282   3.42282   3.26991   3.42282   3.42282   3.42282   3.42282   3.42282   3.42282
 0.526251  0.527748    0.6804  0.526251  0.526251  0.526251  0.526251  0.526251  0.524754  0.372103  0.526251  0.526251  0.526251  0.526251  0.526251
  5.74603   5.85618   5.57219   6.39238   5.74603   5.74603   5.74603   5.74603   5.63589   5.91988   5.09969   5.74603   5.74603   5.74603   5.74603
-0.276496 -0.326524 0.0290653  -0.38777 0.0101037 -0.276496 -0.276496 -0.276496 -0.226468 -0.582057 -0.165222 -0.563096 -0.276496 -0.276496 -0.276496
 -1.87447   -2.1935 -0.271237   -3.1903   1.47228  0.408033  -1.87447  -1.87447  -1.55544  -3.47771 -0.558652  -5.22123  -4.15698  -1.87447  -1.87447
        0         0         0         0         0         0   51.9615         0         0         0         0         0         0  -51.9615         0
        0         0         0         0         0         0         0   51.9615         0         0         0         0         0         0  -51.9615
Xsig_pred_ =   3.69513   3.84736   3.70135   3.70783   3.70974   3.69999   3.75761   3.69513   3.54177   3.65471   3.67371    3.6431    3.6891   3.63264   3.69513
 0.434994  0.418824  0.686608  0.382358  0.539721  0.450646  0.417263  0.434994  0.450872  0.188758  0.480807  0.343092  0.419765  0.452725  0.434994
  5.74603   5.85618   5.57219   6.39238   5.74603   5.74603   8.34411   5.74603   5.63589   5.91988   5.09969   5.74603   5.74603   3.14796   5.74603
 -0.37022 -0.436199 0.0155035 -0.547285 0.0837176 -0.256094  -0.37022 -0.305268 -0.304241 -0.755943 -0.193154 -0.824157 -0.484345  -0.37022 -0.435172
 -1.87447   -2.1935 -0.271237   -3.1903   1.47228  0.408033  -1.87447  0.723602  -1.55544  -3.47771 -0.558652  -5.22123  -4.15698  -1.87447  -4.47255
x_ = 
 3.68136
0.436912
 5.74603
-0.37022
-1.87447
P_ = 
0.00977242 0.00156551  0.0620478 0.00387925  0.0300397
0.00156551  0.0249703 -0.0409737  0.0507267   0.277749
 0.0620478 -0.0409737    2.40337 -0.0629227  -0.388109
0.00387925  0.0507267 -0.0629227    0.13593     0.9403
 0.0300397   0.277749  -0.388109     0.9403    9.18804
S = 
 0.0322724 0.00156551
0.00156551  0.0474703
Updated state x: 
  3.74252
 0.376081
  6.27986
-0.489103
  -2.4663
Updated state covariance P: 
  0.0067881 0.000518159    0.044272  0.00154071   0.0145806
0.000518159   0.0118183  -0.0208808   0.0239926    0.131167
   0.044272  -0.0208808     2.24326  -0.0234795   -0.189456
 0.00154071   0.0239926  -0.0234795   0.0815726    0.642068
  0.0145806    0.131167   -0.189456    0.642068      7.5494
42["estimate_marker",{"estimate_x":3.74252384747745,"estimate_y":0.376081127154269,"rmse_vx":2.21497366309585,"rmse_vy":1.42583518525408,"rmse_x":0.100511915704693,"rmse_y":0.0885461850255181}]
Xsig_aug = 
  3.74252   3.88523   3.74252   3.74252   3.74252   3.74252   3.74252   3.74252   3.59982   3.74252   3.74252   3.74252   3.74252   3.74252   3.74252
 0.376081  0.386974  0.564061  0.376081  0.376081  0.376081  0.376081  0.376081  0.365188  0.188101  0.376081  0.376081  0.376081  0.376081  0.376081
  6.27986   7.21058   5.89269   8.67019   6.27986   6.27986   6.27986   6.27986   5.34915   6.66704   3.88954   6.27986   6.27986   6.27986   6.27986
-0.489103 -0.456713 -0.108077 -0.469466  -0.17589 -0.489103 -0.489103 -0.489103 -0.521492 -0.870128  -0.50874 -0.802316 -0.489103 -0.489103 -0.489103
  -2.4663  -2.15978 -0.390756  -2.48724   1.12822 -0.158635   -2.4663   -2.4663  -2.77282  -4.54185  -2.44536  -6.06082  -4.77397   -2.4663   -2.4663
        0         0         0         0         0         0   51.9615         0         0         0         0         0         0  -51.9615         0
        0         0         0         0         0         0         0   51.9615         0         0         0         0         0         0  -51.9615
Xsig_pred_ =    4.00992     4.1996    4.03511    4.11596    4.05306    4.01911    4.06725    4.00992    3.82176    3.92679    3.90617    3.92349    3.99955    3.95258    4.00992
  0.211862   0.210835    0.52942   0.156454   0.329884   0.227459   0.181345   0.211862   0.216324 -0.0888309   0.271221   0.120954   0.197029   0.242378   0.211862
   6.27986    7.21058    5.89269    8.67019    6.27986    6.27986    8.87794    6.27986    5.34915    6.66704    3.88954    6.27986    6.27986    3.68179    6.27986
 -0.612418  -0.564702  -0.127615  -0.593828  -0.119479  -0.497034  -0.612418  -0.547466  -0.660134   -1.09722  -0.631008   -1.10536  -0.727801  -0.612418   -0.67737
   -2.4663   -2.15978  -0.390756   -2.48724    1.12822  -0.158635    -2.4663   0.131773   -2.77282   -4.54185   -2.44536   -6.06082   -4.77397    -2.4663   -5.06438
x_ = 
  3.99349
 0.220551
  6.27986
-0.612418
  -2.4663
P_ = 
 0.0192355 0.00508815   0.184853  0.0234276   0.141184
0.00508815    0.03699  -0.112896  0.0673059   0.350859
  0.184853  -0.112896    4.49326 -0.0329523  -0.189456
 0.0234276  0.0673059 -0.0329523   0.166059    1.07579
  0.141184   0.350859  -0.189456    1.07579     9.7994
S = 
  0.109791 0.00152536   0.240206
0.00152536 0.00317743  0.0301092
  0.240206  0.0301092    4.87357
Updated state x: 
  4.03562
  0.53713
  5.05508
-0.058337
 0.334087
